04 26 04  15 00 00  0.494  0.512  0.479  0.495
04 26 04  15 15 00  0.507  0.505  0.476  0.496
04 26 04  15 30 00  0.525  0.498  0.480  0.501
04 26 04  15 45 00  0.499  0.495  0.497  0.497
04 26 04  16 00 00  0.507  0.493  0.506  0.502
04 26 04  16 15 00  0.494  0.508  0.506  0.503
04 26 04  16 30 00  0.508  0.513  0.511  0.511
04 26 04  16 45 00  0.520  0.539  0.506  0.522
04 26 04  17 00 00  0.498  0.528  0.519  0.515
04 26 04  17 15 00  0.524  0.518  0.504  0.515
04 26 04  17 30 00  0.535  0.514  0.530  0.526
04 26 04  17 45 00  0.511  0.539  0.516  0.522
04 26 04  18 00 00  0.524  0.545  0.539  0.536
04 26 04  18 15 00  0.504  0.522  0.534  0.520
04 26 04  18 30 00  0.544  0.508  0.559  0.537
04 26 04  18 45 00  0.545  0.543  0.548  0.545
04 26 04  19 00 00  0.556  0.534  0.539  0.543
04 26 04  19 15 00  0.546  0.519  0.540  0.535
04 26 04  19 30 00  0.558  0.554  0.572  0.561
04 26 04  19 45 00  0.538  0.548  0.576  0.554
04 26 04  20 00 00  0.570  0.549  0.565  0.561
04 26 04  20 15 00  0.557  0.524  0.571  0.551
04 26 04  20 30 00  0.560  0.516  0.563  0.546
04 26 04  20 45 00  0.547  0.549  0.543  0.546
04 26 04  21 00 00  0.564  0.559  0.557  0.560
04 26 04  21 15 00  0.556  0.557  0.587  0.567
04 26 04  21 30 00  0.545  0.555  0.571  0.557
04 26 04  21 45 00  0.602  0.546  0.560  0.569
04 26 04  22 00 00  0.567  0.560  0.578  0.568
04 26 04  22 15 00  0.593  0.552  0.572  0.572
04 26 04  22 30 00  0.587  0.556  0.587  0.577
04 26 04  22 45 00  0.585  0.591  0.580  0.585
04 26 04  23 00 00  0.615  0.579  0.590  0.595
04 26 04  23 15 00  0.609  0.556  0.600  0.588
04 26 04  23 30 00  0.610  0.553  0.578  0.580
04 26 04  23 45 00  0.580  0.589  0.604  0.591
04 27 04  00 00 00  0.591  0.580  0.588  0.586
04 27 04  00 15 00  0.598  0.573  0.591  0.587
04 27 04  00 30 00  0.602  0.576  0.591  0.590
04 27 04  00 45 00  0.597  0.557  0.597  0.584
04 27 04  01 00 00  0.615  0.586  0.599  0.600
04 27 04  01 15 00  0.610  0.575  0.599  0.595
04 27 04  01 30 00  0.611  0.598  0.584  0.598
04 27 04  01 45 00  0.623  0.601  0.592  0.605
04 27 04  02 00 00  0.634  0.587  0.600  0.607
04 27 04  02 15 00  0.624  0.588  0.606  0.606
04 27 04  02 30 00  0.637  0.586  0.611  0.611
04 27 04  02 45 00  0.627  0.607  0.627  0.620
04 27 04  03 00 00  0.655  0.603  0.619  0.626
04 27 04  03 15 00  0.630  0.595  0.595  0.607
04 27 04  03 30 00  0.634  0.611  0.609  0.618
04 27 04  03 45 00  0.623  0.594  0.614  0.610
04 27 04  04 00 00  0.641  0.601  0.633  0.625
04 27 04  04 15 00  0.645  0.577  0.604  0.609
04 27 04  04 30 00  0.647  0.611  0.617  0.625
04 27 04  04 45 00  0.629  0.625  0.612  0.622
04 27 04  05 00 00  0.619  0.628  0.611  0.619
04 27 04  05 15 00  0.638  0.626  0.627  0.630
04 27 04  05 30 00  0.639  0.609  0.644  0.631
04 27 04  05 45 00  0.642  0.625  0.628  0.632
04 27 04  06 00 00  0.649  0.605  0.625  0.626
04 27 04  06 15 00  0.662  0.617  0.637  0.639
04 27 04  06 30 00  0.652  0.629  0.620  0.634
04 27 04  06 45 00  0.678  0.626  0.628  0.644
04 27 04  07 00 00  0.658  0.614  0.637  0.636
04 27 04  07 15 00  0.658  0.605  0.628  0.630
04 27 04  07 30 00  0.659  0.623  0.631  0.638
04 27 04  07 45 00  0.674  0.620  0.642  0.645
04 27 04  08 00 00  0.668  0.633  0.656  0.652
04 27 04  08 15 00  0.659  0.620  0.647  0.642
04 27 04  08 30 00  0.696  0.629  0.664  0.663
04 27 04  08 45 00  0.682  0.642  0.642  0.655
04 27 04  09 00 00  0.659  0.664  0.668  0.664
04 27 04  09 15 00  0.676  0.627  0.656  0.653
04 27 04  09 30 00  0.692  0.626  0.654  0.657
04 27 04  09 45 00  0.693  0.620  0.641  0.651
04 27 04  10 00 00  0.673  0.663  0.659  0.665
04 27 04  10 15 00  0.701  0.652  0.638  0.664
04 27 04  10 30 00  0.708  0.640  0.641  0.663
04 27 04  10 45 00  0.702  0.631  0.644  0.659
04 27 04  11 00 00  0.687  0.645  0.654  0.662
04 27 04  11 15 00  0.679  0.640  0.651  0.657
04 27 04  11 30 00  0.706  0.638  0.669  0.671
04 27 04  11 45 00  0.717  0.645  0.650  0.671
04 27 04  12 00 00  0.698  0.661  0.681  0.680
04 27 04  12 15 00  0.698  0.651  0.694  0.681
04 27 04  12 30 00  0.706  0.642  0.681  0.676
04 27 04  12 45 00  0.719  0.653  0.681  0.684
04 27 04  13 00 00  0.710  0.647  0.651  0.669
04 27 04  13 15 00  0.709  0.633  0.657  0.666
04 27 04  13 30 00  0.704  0.665  0.672  0.680
04 27 04  13 45 00  0.719  0.664  0.679  0.687
04 27 04  14 00 00  0.689  0.657  0.672  0.673
04 27 04  14 15 00  0.696  0.650  0.712  0.686
04 27 04  14 30 00  0.696  0.664  0.698  0.686
04 27 04  14 45 00  0.686  0.663  0.700  0.683
04 27 04  15 00 00  0.728  0.682  0.671  0.694
04 27 04  15 15 00  0.722  0.673  0.700  0.698
04 27 04  15 30 00  0.724  0.652  0.678  0.685
04 27 04  15 45 00  0.717  0.655  0.691  0.688
04 27 04  16 00 00  0.726  0.657  0.693  0.692
04 27 04  16 15 00  0.714  0.661  0.713  0.696
04 27 04  16 30 00  0.746  0.687  0.692  0.708
04 27 04  16 45 00  0.729  0.674  0.671  0.691
04 27 04  17 00 00  0.727  0.675  0.712  0.705
04 27 04  17 15 00  0.744  0.690  0.702  0.712
04 27 04  17 30 00  0.716  0.673  0.701  0.697
04 27 04  17 45 00  0.720  0.671  0.692  0.694
04 27 04  18 00 00  0.742  0.656  0.703  0.700
04 27 04  18 15 00  0.719  0.685  0.697  0.700
04 27 04  18 30 00  0.718  0.685  0.684  0.696
04 27 04  18 45 00  0.755  0.675  0.735  0.722
04 27 04  19 00 00  0.721  0.681  0.695  0.699
04 27 04  19 15 00  0.751  0.688  0.718  0.719
04 27 04  19 30 00  0.752  0.684  0.703  0.713
04 27 04  19 45 00  0.744  0.688  0.719  0.717
04 27 04  20 00 00  0.743  0.693  0.715  0.717
04 27 04  20 15 00  0.740  0.680  0.727  0.716
04 27 04  20 30 00  0.760  0.693  0.712  0.722
04 27 04  20 45 00  0.766  0.692  0.715  0.724
04 27 04  21 00 00  0.779  0.677  0.725  0.727
04 27 04  21 15 00  0.770  0.711  0.727  0.736
04 27 04  21 30 00  0.737  0.693  0.717  0.716
04 27 04  21 45 00  0.766  0.697  0.717  0.727
04 27 04  22 00 00  0.767  0.698  0.722  0.729
04 27 04  22 15 00  0.746  0.688  0.719  0.718
04 27 04  22 30 00  0.779  0.685  0.734  0.733
04 27 04  22 45 00  0.781  0.691  0.699  0.724
04 27 04  23 00 00  0.781  0.701  0.730  0.737
04 27 04  23 15 00  0.768  0.701  0.724  0.731
04 27 04  23 30 00  0.760  0.695  0.722  0.726
04 27 04  23 45 00  0.774  0.708  0.742  0.741
04 28 04  00 00 00  0.791  0.728  0.735  0.751
04 28 04  00 15 00  0.785  0.701  0.731  0.739
04 28 04  00 30 00  0.779  0.705  0.738  0.741
04 28 04  00 45 00  0.779  0.718  0.722  0.740
04 28 04  01 00 00  0.748  0.717  0.737  0.734
04 28 04  01 15 00  0.796  0.710  0.754  0.753
04 28 04  01 30 00  0.781  0.709  0.715  0.735
04 28 04  01 45 00  0.792  0.694  0.739  0.742
04 28 04  02 00 00  0.811  0.726  0.723  0.753
04 28 04  02 15 00  0.816  0.713  0.748  0.759
04 28 04  02 30 00  0.813  0.732  0.734  0.760
04 28 04  02 45 00  0.801  0.714  0.716  0.744
04 28 04  03 00 00  0.793  0.723  0.753  0.756
04 28 04  03 15 00  0.809  0.726  0.726  0.754
04 28 04  03 30 00  0.794  0.726  0.761  0.760
04 28 04  03 45 00  0.794  0.712  0.740  0.749
04 28 04  04 00 00  0.803  0.721  0.746  0.757
04 28 04  04 15 00  0.800  0.706  0.743  0.750
04 28 04  04 30 00  0.822  0.714  0.740  0.759
04 28 04  04 45 00  0.804  0.720  0.750  0.758
04 28 04  05 00 00  0.803  0.715  0.736  0.751
04 28 04  05 15 00  0.798  0.726  0.739  0.754
04 28 04  05 30 00  0.795  0.729  0.747  0.757
04 28 04  05 45 00  0.832  0.728  0.754  0.771
04 28 04  06 00 00  0.794  0.729  0.735  0.753
04 28 04  06 15 00  0.819  0.746  0.726  0.764
04 28 04  06 30 00  0.799  0.730  0.732  0.754
04 28 04  06 45 00  0.800  0.737  0.751  0.763
04 28 04  07 00 00  0.823  0.730  0.764  0.772
04 28 04  07 15 00  0.792  0.745  0.733  0.757
04 28 04  07 30 00  0.807  0.738  0.754  0.766
04 28 04  07 45 00  0.810  0.747  0.757  0.771
04 28 04  08 00 00  0.824  0.734  0.751  0.770
04 28 04  08 15 00  0.819  0.731  0.745  0.765
04 28 04  08 30 00  0.816  0.742  0.730  0.763
04 28 04  08 45 00  0.810  0.721  0.726  0.752
04 28 04  09 00 00  0.828  0.761  0.748  0.779
04 28 04  09 15 00  0.804  0.760  0.755  0.773
04 28 04  09 30 00  0.832  0.739  0.736  0.769
04 28 04  09 45 00  0.835  0.755  0.751  0.780
04 28 04  10 00 00  0.814  0.743  0.751  0.769
04 28 04  10 15 00  0.820  0.746  0.766  0.777
04 28 04  10 30 00  0.834  0.729  0.742  0.768
04 28 04  10 45 00  0.820  0.759  0.742  0.774
04 28 04  11 00 00  0.826  0.754  0.747  0.776
04 28 04  11 15 00  0.814  0.744  0.770  0.776
04 28 04  11 30 00  0.853  0.761  0.754  0.789
04 28 04  11 45 00  0.863  0.748  0.756  0.789
04 28 04  12 00 00  0.816  0.769  0.746  0.777
04 28 04  12 15 00  0.811  0.756  0.735  0.767
04 28 04  12 30 00  0.836  0.754  0.750  0.780
04 28 04  12 45 00  0.809  0.783  0.770  0.787
04 28 04  13 00 00  0.850  0.760  0.764  0.791
04 28 04  13 15 00  0.819  0.745  0.761  0.775
04 28 04  13 30 00  0.825  0.750  0.765  0.780
04 28 04  13 45 00  0.854  0.768  0.756  0.793
04 28 04  14 00 00  0.836  0.766  0.769  0.790
04 28 04  14 15 00  0.856  0.770  0.742  0.789
04 28 04  14 30 00  0.827  0.763  0.755  0.782
04 28 04  14 45 00  0.849  0.756  0.805  0.803
04 28 04  15 00 00  0.849  0.757  0.769  0.792
04 28 04  15 15 00  0.850  0.774  0.766  0.797
04 28 04  15 30 00  0.838  0.758  0.751  0.782
04 28 04  15 45 00  0.839  0.762  0.773  0.791
04 28 04  16 00 00  0.848  0.767  0.781  0.799
04 28 04  16 15 00  0.848  0.777  0.785  0.803
04 28 04  16 30 00  0.860  0.779  0.768  0.802
04 28 04  16 45 00  0.836  0.774  0.773  0.794
04 28 04  17 00 00  0.879  0.767  0.781  0.809
04 28 04  17 15 00  0.831  0.761  0.759  0.784
04 28 04  17 30 00  0.864  0.795  0.795  0.818
04 28 04  17 45 00  0.849  0.786  0.760  0.798
04 28 04  18 00 00  0.890  0.776  0.778  0.815
04 28 04  18 15 00  0.877  0.760  0.761  0.799
04 28 04  18 30 00  0.858  0.786  0.779  0.808
04 28 04  18 45 00  0.849  0.782  0.768  0.800
04 28 04  19 00 00  0.880  0.764  0.783  0.809
04 28 04  19 15 00  0.850  0.786  0.757  0.798
04 28 04  19 30 00  0.858  0.764  0.761  0.794
04 28 04  19 45 00  0.861  0.740  0.777  0.793
04 28 04  20 00 00  0.843  0.768  0.780  0.797
04 28 04  20 15 00  0.850  0.787  0.760  0.799
04 28 04  20 30 00  0.838  0.785  0.793  0.805
04 28 04  20 45 00  0.857  0.776  0.776  0.803
04 28 04  21 00 00  0.862  0.795  0.779  0.812
04 28 04  21 15 00  0.862  0.767  0.801  0.810
04 28 04  21 30 00  0.836  0.783  0.798  0.806
04 28 04  21 45 00  0.869  0.784  0.794  0.816
04 28 04  22 00 00  0.851  0.803  0.778  0.811
04 28 04  22 15 00  0.873  0.794  0.782  0.816
04 28 04  22 30 00  0.876  0.813  0.794  0.828
04 28 04  22 45 00  0.878  0.807  0.784  0.823
04 28 04  23 00 00  0.858  0.782  0.800  0.813
04 28 04  23 15 00  0.868  0.764  0.769  0.800
04 28 04  23 30 00  0.867  0.786  0.778  0.810
04 28 04  23 45 00  0.860  0.775  0.773  0.803
04 29 04  00 00 00  0.861  0.800  0.764  0.808
04 29 04  00 15 00  0.873  0.770  0.777  0.807
04 29 04  00 30 00  0.882  0.816  0.783  0.827
04 29 04  00 45 00  0.879  0.801  0.770  0.817
04 29 04  01 00 00  0.884  0.795  0.781  0.820
04 29 04  01 15 00  0.875  0.782  0.774  0.810
04 29 04  01 30 00  0.867  0.786  0.788  0.814
04 29 04  01 45 00  0.867  0.785  0.760  0.804
04 29 04  02 00 00  0.862  0.808  0.771  0.814
04 29 04  02 15 00  0.864  0.784  0.780  0.809
04 29 04  02 30 00  0.881  0.784  0.787  0.817
04 29 04  02 45 00  0.868  0.784  0.779  0.810
04 29 04  03 00 00  0.862  0.787  0.786  0.812
04 29 04  03 15 00  0.874  0.811  0.785  0.823
04 29 04  03 30 00  0.880  0.789  0.793  0.821
04 29 04  03 45 00  0.884  0.808  0.768  0.820
04 29 04  04 00 00  0.873  0.785  0.782  0.813
04 29 04  04 15 00  0.875  0.797  0.774  0.815
04 29 04  04 30 00  0.871  0.786  0.783  0.813
04 29 04  04 45 00  0.888  0.793  0.770  0.817
04 29 04  05 00 00  0.852  0.795  0.782  0.810
04 29 04  05 15 00  0.867  0.785  0.783  0.812
04 29 04  05 30 00  0.874  0.802  0.782  0.819
04 29 04  05 45 00  0.856  0.795  0.805  0.819
04 29 04  06 00 00  0.858  0.807  0.793  0.819
04 29 04  06 15 00  0.871  0.799  0.787  0.819
04 29 04  06 30 00  0.853  0.803  0.797  0.818
04 29 04  06 45 00  0.871  0.830  0.786  0.829
04 29 04  07 00 00  0.889  0.828  0.767  0.828
04 29 04  07 15 00  0.875  0.809  0.794  0.826
04 29 04  07 30 00  0.880  0.826  0.803  0.836
04 29 04  07 45 00  0.883  0.831  0.770  0.828
04 29 04  08 00 00  0.907  0.811  0.785  0.834
04 29 04  08 15 00  0.884  0.829  0.777  0.830
04 29 04  08 30 00  0.880  0.833  0.796  0.836
04 29 04  08 45 00  0.888  0.872  0.769  0.843
04 29 04  09 00 00  0.894  0.838  0.819  0.850
04 29 04  09 15 00  0.882  0.840  0.782  0.835
04 29 04  09 30 00  0.903  0.846  0.794  0.848
04 29 04  09 45 00  0.873  0.848  0.762  0.828
04 29 04  10 00 00  0.907  0.830  0.770  0.836
04 29 04  10 15 00  0.851  0.815  0.814  0.827
04 29 04  10 30 00  0.895  0.833  0.796  0.841
04 29 04  10 45 00  0.872  0.839  0.779  0.830
04 29 04  11 00 00  0.891  0.863  0.785  0.846
04 29 04  11 15 00  0.895  0.841  0.791  0.842
04 29 04  11 30 00  0.897  0.838  0.783  0.839
04 29 04  11 45 00  0.890  0.828  0.780  0.833
04 29 04  12 00 00  0.877  0.840  0.802  0.840
04 29 04  12 15 00  0.895  0.859  0.792  0.849
04 29 04  12 30 00  0.901  0.840  0.777  0.839
04 29 04  12 45 00  0.912  0.846  0.785  0.848
04 29 04  13 00 00  0.898  0.837  0.796  0.844
04 29 04  13 15 00  0.878  0.823  0.788  0.830
04 29 04  13 30 00  0.901  0.833  0.791  0.842
04 29 04  13 45 00  0.902  0.846  0.794  0.847
04 29 04  14 00 00  0.916  0.839  0.791  0.849
04 29 04  14 15 00  0.910  0.843  0.799  0.851
04 29 04  14 30 00  0.915  0.839  0.797  0.850
04 29 04  14 45 00  0.889  0.834  0.793  0.839
04 29 04  15 00 00  0.873  0.831  0.794  0.833
04 29 04  15 15 00  0.871  0.835  0.794  0.833
04 29 04  15 30 00  0.871  0.867  0.810  0.849
04 29 04  15 45 00  0.907  0.874  0.795  0.859
04 29 04  16 00 00  0.913  0.851  0.789  0.851
04 29 04  16 15 00  0.894  0.849  0.804  0.849
04 29 04  16 30 00  0.910  0.862  0.824  0.865
04 29 04  16 45 00  0.891  0.849  0.786  0.842
04 29 04  17 00 00  0.889  0.840  0.792  0.840
04 29 04  17 15 00  0.901  0.868  0.800  0.856
04 29 04  17 30 00  0.882  0.854  0.780  0.839
04 29 04  17 45 00  0.908  0.864  0.789  0.854
04 29 04  18 00 00  0.913  0.841  0.784  0.846
04 29 04  18 15 00  0.900  0.852  0.786  0.846
04 29 04  18 30 00  0.911  0.859  0.797  0.856
04 29 04  18 45 00  0.895  0.843  0.780  0.839
04 29 04  19 00 00  0.900  0.857  0.795  0.851
04 29 04  19 15 00  0.903  0.858  0.794  0.852
04 29 04  19 30 00  0.874  0.863  0.794  0.844
04 29 04  19 45 00  0.887  0.865  0.777  0.843
04 29 04  20 00 00  0.897  0.876  0.780  0.851
04 29 04  20 15 00  0.903  0.862  0.791  0.852
04 29 04  20 30 00  0.900  0.869  0.793  0.854
04 29 04  20 45 00  0.909  0.852  0.787  0.849
04 29 04  21 00 00  0.889  0.857  0.801  0.849
04 29 04  21 15 00  0.894  0.863  0.795  0.851
04 29 04  21 30 00  0.913  0.861  0.813  0.862
04 29 04  21 45 00  0.881  0.892  0.790  0.854
04 29 04  22 00 00  0.895  0.876  0.821  0.864
04 29 04  22 15 00  0.887  0.883  0.794  0.855
04 29 04  22 30 00  0.877  0.869  0.817  0.854
04 29 04  22 45 00  0.907  0.879  0.815  0.867
04 29 04  23 00 00  0.904  0.855  0.788  0.849
04 29 04  23 15 00  0.895  0.858  0.807  0.853
04 29 04  23 30 00  0.896  0.873  0.813  0.861
04 29 04  23 45 00  0.886  0.870  0.793  0.850
04 30 04  00 00 00  0.891  0.858  0.786  0.845
04 30 04  00 15 00  0.903  0.866  0.810  0.860
04 30 04  00 30 00  0.891  0.845  0.802  0.846
04 30 04  00 45 00  0.910  0.885  0.785  0.860
04 30 04  01 00 00  0.894  0.893  0.797  0.861
04 30 04  01 15 00  0.897  0.881  0.800  0.859
04 30 04  01 30 00  0.915  0.869  0.807  0.864
04 30 04  01 45 00  0.903  0.864  0.789  0.852
04 30 04  02 00 00  0.896  0.857  0.808  0.854
04 30 04  02 15 00  0.890  0.869  0.811  0.857
04 30 04  02 30 00  0.899  0.875  0.792  0.855
04 30 04  02 45 00  0.895  0.879  0.794  0.856
04 30 04  03 00 00  0.893  0.856  0.813  0.854
04 30 04  03 15 00  0.880  0.866  0.803  0.850
04 30 04  03 30 00  0.900  0.891  0.790  0.860
04 30 04  03 45 00  0.901  0.864  0.792  0.852
04 30 04  04 00 00  0.887  0.879  0.794  0.853
04 30 04  04 15 00  0.914  0.870  0.782  0.855
04 30 04  04 30 00  0.915  0.873  0.796  0.861
04 30 04  04 45 00  0.891  0.874  0.797  0.854
04 30 04  05 00 00  0.921  0.868  0.790  0.860
04 30 04  05 15 00  0.903  0.890  0.792  0.862
04 30 04  05 30 00  0.914  0.858  0.797  0.856
04 30 04  05 45 00  0.898  0.883  0.801  0.861
04 30 04  06 00 00  0.888  0.882  0.806  0.859
04 30 04  06 15 00  0.901  0.896  0.818  0.872
04 30 04  06 30 00  0.904  0.878  0.818  0.867
04 30 04  06 45 00  0.885  0.862  0.814  0.854
04 30 04  07 00 00  0.912  0.895  0.811  0.873
04 30 04  07 15 00  0.887  0.879  0.803  0.856
04 30 04  07 30 00  0.911  0.885  0.806  0.867
04 30 04  07 45 00  0.902  0.875  0.813  0.863
04 30 04  08 00 00  0.885  0.881  0.811  0.859
04 30 04  08 15 00  0.902  0.874  0.802  0.859
04 30 04  08 30 00  0.911  0.897  0.814  0.874
04 30 04  08 45 00  0.904  0.886  0.816  0.869
04 30 04  09 00 00  0.891  0.874  0.807  0.857
04 30 04  09 15 00  0.905  0.878  0.792  0.858
04 30 04  09 30 00  0.894  0.866  0.796  0.852
04 30 04  09 45 00  0.874  0.875  0.815  0.855
04 30 04  10 00 00  0.910  0.884  0.799  0.864
04 30 04  10 15 00  0.920  0.882  0.795  0.866
04 30 04  10 30 00  0.892  0.879  0.823  0.865
04 30 04  10 45 00  0.920  0.894  0.818  0.877
04 30 04  11 00 00  0.911  0.858  0.806  0.858
04 30 04  11 15 00  0.906  0.865  0.786  0.852
04 30 04  11 30 00  0.886  0.895  0.789  0.857
04 30 04  11 45 00  0.919  0.890  0.805  0.871
04 30 04  12 00 00  0.921  0.876  0.831  0.876
04 30 04  12 15 00  0.908  0.873  0.822  0.868
04 30 04  12 30 00  0.894  0.888  0.816  0.866
04 30 04  12 45 00  0.904  0.896  0.800  0.867
04 30 04  13 00 00  0.899  0.876  0.844  0.873
04 30 04  13 15 00  0.896  0.892  0.806  0.865
04 30 04  13 30 00  0.926  0.896  0.810  0.877
04 30 04  13 45 00  0.895  0.895  0.808  0.866
04 30 04  14 00 00  0.887  0.893  0.789  0.856
04 30 04  14 15 00  0.896  0.895  0.808  0.866
04 30 04  14 30 00  0.899  0.882  0.802  0.861
04 30 04  14 45 00  0.894  0.888  0.802  0.861
04 30 04  15 00 00  0.889  0.899  0.814  0.867
04 30 04  15 15 00  0.907  0.892  0.800  0.866
04 30 04  15 30 00  0.886  0.877  0.799  0.854
04 30 04  15 45 00  0.873  0.898  0.787  0.853
04 30 04  16 00 00  0.905  0.857  0.793  0.852
04 30 04  16 15 00  0.899  0.867  0.801  0.856
04 30 04  16 30 00  0.871  0.883  0.789  0.848
04 30 04  16 45 00  0.885  0.873  0.782  0.847
04 30 04  17 00 00  0.860  0.877  0.802  0.846
04 30 04  17 15 00  0.885  0.874  0.812  0.857
04 30 04  17 30 00  0.873  0.883  0.793  0.850
04 30 04  17 45 00  0.868  0.870  0.781  0.840
04 30 04  18 00 00  0.902  0.864  0.797  0.854
04 30 04  18 15 00  0.894  0.888  0.783  0.855
04 30 04  18 30 00  0.882  0.854  0.795  0.844
04 30 04  18 45 00  0.880  0.848  0.790  0.839
04 30 04  19 00 00  0.895  0.875  0.792  0.854
04 30 04  19 15 00  0.886  0.888  0.785  0.853
04 30 04  19 30 00  0.884  0.877  0.785  0.849
04 30 04  19 45 00  0.883  0.881  0.787  0.850
04 30 04  20 00 00  0.887  0.899  0.781  0.856
04 30 04  20 15 00  0.892  0.879  0.774  0.848
04 30 04  20 30 00  0.882  0.857  0.807  0.849
04 30 04  20 45 00  0.862  0.895  0.788  0.848
04 30 04  21 00 00  0.896  0.894  0.781  0.857
04 30 04  21 15 00  0.858  0.906  0.762  0.842
04 30 04  21 30 00  0.876  0.886  0.776  0.846
04 30 04  21 45 00  0.890  0.883  0.798  0.857
04 30 04  22 00 00  0.890  0.859  0.799  0.849
04 30 04  22 15 00  0.867  0.883  0.781  0.844
04 30 04  22 30 00  0.890  0.896  0.783  0.856
04 30 04  22 45 00  0.878  0.866  0.787  0.844
04 30 04  23 00 00  0.889  0.882  0.784  0.852
04 30 04  23 15 00  0.871  0.869  0.784  0.841
04 30 04  23 30 00  0.845  0.868  0.792  0.835
04 30 04  23 45 00  0.882  0.879  0.781  0.847
05 01 04  00 00 00  0.863  0.880  0.776  0.840
05 01 04  00 15 00  0.871  0.894  0.769  0.845
05 01 04  00 30 00  0.865  0.839  0.772  0.825
05 01 04  00 45 00  0.860  0.874  0.773  0.836
05 01 04  01 00 00  0.862  0.879  0.778  0.840
05 01 04  01 15 00  0.853  0.873  0.762  0.829
05 01 04  01 30 00  0.863  0.869  0.754  0.829
05 01 04  01 45 00  0.871  0.878  0.784  0.844
05 01 04  02 00 00  0.873  0.861  0.745  0.826
05 01 04  02 15 00  0.855  0.869  0.749  0.824
05 01 04  02 30 00  0.847  0.858  0.760  0.822
05 01 04  02 45 00  0.868  0.857  0.758  0.828
05 01 04  03 00 00  0.854  0.845  0.771  0.823
05 01 04  03 15 00  0.863  0.870  0.755  0.829
05 01 04  03 30 00  0.852  0.847  0.740  0.813
05 01 04  03 45 00  0.856  0.864  0.766  0.829
05 01 04  04 00 00  0.849  0.847  0.762  0.819
05 01 04  04 15 00  0.848  0.867  0.750  0.822
05 01 04  04 30 00  0.852  0.853  0.732  0.812
05 01 04  04 45 00  0.860  0.836  0.729  0.808
05 01 04  05 00 00  0.844  0.855  0.753  0.817
05 01 04  05 15 00  0.852  0.845  0.768  0.822
05 01 04  05 30 00  0.840  0.832  0.737  0.803
05 01 04  05 45 00  0.857  0.857  0.755  0.823
05 01 04  06 00 00  0.838  0.810  0.753  0.800
05 01 04  06 15 00  0.843  0.835  0.760  0.813
05 01 04  06 30 00  0.841  0.822  0.717  0.793
05 01 04  06 45 00  0.855  0.823  0.704  0.794
05 01 04  07 00 00  0.835  0.795  0.704  0.778
05 01 04  07 15 00  0.826  0.803  0.708  0.779
05 01 04  07 30 00  0.809  0.794  0.700  0.768
05 01 04  07 45 00  0.814  0.764  0.708  0.762
05 01 04  08 00 00  0.790  0.777  0.688  0.752
05 01 04  08 15 00  0.781  0.743  0.677  0.734
05 01 04  08 30 00  0.768  0.733  0.693  0.731
05 01 04  08 45 00  0.765  0.724  0.686  0.725
05 01 04  09 00 00  0.760  0.710  0.657  0.709
05 01 04  09 15 00  0.751  0.697  0.674  0.707
05 01 04  09 30 00  0.740  0.693  0.665  0.699
05 01 04  09 45 00  0.743  0.699  0.671  0.704
05 01 04  10 00 00  0.745  0.697  0.628  0.690
05 01 04  10 15 00  0.736  0.690  0.644  0.690
05 01 04  10 30 00  0.705  0.656  0.655  0.672
05 01 04  10 45 00  0.704  0.663  0.617  0.661
05 01 04  11 00 00  0.688  0.649  0.614  0.650
05 01 04  11 15 00  0.690  0.628  0.609  0.642
05 01 04  11 30 00  0.671  0.597  0.595  0.621
05 01 04  11 45 00  0.650  0.594  0.551  0.598
05 01 04  12 00 00  0.648  0.575  0.566  0.596
05 01 04  12 15 00  0.601  0.575  0.544  0.573
05 01 04  12 30 00  0.605  0.561  0.559  0.575
05 01 04  12 45 00  0.570  0.507  0.517  0.531
05 01 04  13 00 00  0.567  0.509  0.509  0.528
05 01 04  13 15 00  0.532  0.516  0.520  0.523
05 01 04  13 30 00  0.524  0.503  0.486  0.504
05 01 04  13 45 00  0.515  0.484  0.481  0.493
05 01 04  14 00 00  0.495  0.441  0.439  0.458
05 01 04  14 15 00  0.478  0.445  0.457  0.460
05 01 04  14 30 00  0.473  0.441  0.428  0.447
05 01 04  14 45 00  0.454  0.435  0.420  0.436
05 01 04  15 00 00  0.430  0.423  0.430  0.428
05 01 04  15 15 00  0.434  0.384  0.411  0.410
05 01 04  15 30 00  0.440  0.413  0.419  0.424
05 01 04  15 45 00  0.422  0.371  0.409  0.401
05 01 04  16 00 00  0.403  0.371  0.387  0.387
05 01 04  16 15 00  0.404  0.378  0.382  0.388
05 01 04  16 30 00  0.391  0.357  0.385  0.378
05 01 04  16 45 00  0.407  0.368  0.349  0.375
05 01 04  17 00 00  0.372  0.355  0.354  0.360
05 01 04  17 15 00  0.364  0.330  0.338  0.344
05 01 04  17 30 00  0.382  0.355  0.363  0.367
05 01 04  17 45 00  0.361  0.329  0.347  0.346
05 01 04  18 00 00  0.357  0.348  0.336  0.347
05 01 04  18 15 00  0.367  0.348  0.345  0.353
05 01 04  18 30 00  0.368  0.342  0.332  0.347
05 01 04  18 45 00  0.362  0.316  0.329  0.336
05 01 04  19 00 00  0.356  0.325  0.326  0.336
05 01 04  19 15 00  0.334  0.334  0.319  0.329
05 01 04  19 30 00  0.348  0.320  0.331  0.333
05 01 04  19 45 00  0.342  0.353  0.347  0.347
05 01 04  20 00 00  0.364  0.336  0.317  0.339
05 01 04  20 15 00  0.345  0.343  0.309  0.332
05 01 04  20 30 00  0.332  0.321  0.330  0.328
05 01 04  20 45 00  0.337  0.313  0.301  0.317
05 01 04  21 00 00  0.327  0.327  0.321  0.325
05 01 04  21 15 00  0.335  0.338  0.340  0.338
05 01 04  21 30 00  0.334  0.321  0.342  0.332
05 01 04  21 45 00  0.337  0.322  0.321  0.327
05 01 04  22 00 00  0.312  0.320  0.317  0.316
05 01 04  22 15 00  0.341  0.343  0.317  0.334
05 01 04  22 30 00  0.345  0.316  0.314  0.325
05 01 04  22 45 00  0.336  0.322  0.291  0.316
05 01 04  23 00 00  0.331  0.310  0.325  0.322
05 01 04  23 15 00  0.345  0.330  0.323  0.333
05 01 04  23 30 00  0.332  0.323  0.309  0.321
05 01 04  23 45 00  0.335  0.318  0.314  0.322
05 02 04  00 00 00  0.325  0.315  0.301  0.314
05 02 04  00 15 00  0.321  0.311  0.315  0.316
05 02 04  00 30 00  0.333  0.309  0.312  0.318
05 02 04  00 45 00  0.315  0.311  0.307  0.311
05 02 04  01 00 00  0.299  0.316  0.313  0.309
05 02 04  01 15 00  0.331  0.299  0.294  0.308
05 02 04  01 30 00  0.315  0.314  0.302  0.310
05 02 04  01 45 00  0.297  0.296  0.307  0.300
05 02 04  02 00 00  0.317  0.305  0.306  0.309
05 02 04  02 15 00  0.316  0.281  0.290  0.296
05 02 04  02 30 00  0.307  0.282  0.279  0.289
05 02 04  02 45 00  0.298  0.287  0.282  0.289
05 02 04  03 00 00  0.312  0.299  0.310  0.307
05 02 04  03 15 00  0.288  0.299  0.308  0.298
05 02 04  03 30 00  0.305  0.295  0.261  0.287
05 02 04  03 45 00  0.307  0.289  0.275  0.290
05 02 04  04 00 00  0.300  0.292  0.262  0.285
05 02 04  04 15 00  0.287  0.301  0.278  0.289
05 02 04  04 30 00  0.293  0.272  0.289  0.285
05 02 04  04 45 00  0.278  0.280  0.278  0.279
05 02 04  05 00 00  0.294  0.286  0.264  0.281
05 02 04  05 15 00  0.286  0.278  0.281  0.282
05 02 04  05 30 00  0.286  0.307  0.270  0.288
05 02 04  05 45 00  0.299  0.289  0.261  0.283
05 02 04  06 00 00  0.269  0.312  0.271  0.284
05 02 04  06 15 00  0.264  0.309  0.277  0.283
05 02 04  06 30 00  0.280  0.278  0.263  0.274
05 02 04  06 45 00  0.279  0.277  0.252  0.269
05 02 04  07 00 00  0.271  0.257  0.281  0.270
05 02 04  07 15 00  0.258  0.274  0.270  0.267
05 02 04  07 30 00  0.277  0.262  0.247  0.262
05 02 04  07 45 00  0.277  0.270  0.262  0.270
05 02 04  08 00 00  0.281  0.296  0.285  0.287
05 02 04  08 15 00  0.266  0.286  0.253  0.268
05 02 04  08 30 00  0.287  0.267  0.239  0.264
05 02 04  08 45 00  0.266  0.271  0.262  0.266
05 02 04  09 00 00  0.278  0.252  0.249  0.260
05 02 04  09 15 00  0.266  0.250  0.241  0.252
05 02 04  09 30 00  0.272  0.253  0.259  0.261
05 02 04  09 45 00  0.256  0.267  0.230  0.251
05 02 04  10 00 00  0.245  0.250  0.238  0.244
05 02 04  10 15 00  0.263  0.277  0.249  0.263
05 02 04  10 30 00  0.262  0.269  0.232  0.254
05 02 04  10 45 00  0.263  0.281  0.280  0.275
05 02 04  11 00 00  0.267  0.254  0.244  0.255
05 02 04  11 15 00  0.262  0.236  0.236  0.245
05 02 04  11 30 00  0.277  0.277  0.260  0.271
05 02 04  11 45 00  0.279  0.263  0.240  0.261
05 02 04  12 00 00  0.277  0.265  0.258  0.267
05 02 04  12 15 00  0.278  0.272  0.256  0.269
05 02 04  12 30 00  0.273  0.274  0.266  0.271
05 02 04  12 45 00  0.273  0.277  0.277  0.276
05 02 04  13 00 00  0.274  0.270  0.246  0.263
05 02 04  13 15 00  0.265  0.253  0.258  0.259
05 02 04  13 30 00  0.280  0.267  0.256  0.268
05 02 04  13 45 00  0.264  0.267  0.253  0.261
05 02 04  14 00 00  0.292  0.274  0.278  0.281
05 02 04  14 15 00  0.277  0.288  0.275  0.280
05 02 04  14 30 00  0.314  0.290  0.269  0.291
05 02 04  14 45 00  0.282  0.297  0.273  0.284
05 02 04  15 00 00  0.306  0.312  0.298  0.305
05 02 04  15 15 00  0.298  0.277  0.294  0.290
05 02 04  15 30 00  0.327  0.295  0.282  0.301
05 02 04  15 45 00  0.302  0.315  0.285  0.301
05 02 04  16 00 00  0.307  0.315  0.308  0.310
05 02 04  16 15 00  0.321  0.316  0.318  0.318
05 02 04  16 30 00  0.327  0.311  0.289  0.309
05 02 04  16 45 00  0.329  0.330  0.305  0.321
05 02 04  17 00 00  0.327  0.322  0.311  0.320
05 02 04  17 15 00  0.344  0.296  0.311  0.317
05 02 04  17 30 00  0.334  0.349  0.330  0.338
05 02 04  17 45 00  0.355  0.321  0.326  0.334
05 02 04  18 00 00  0.345  0.322  0.318  0.328
05 02 04  18 15 00  0.367  0.308  0.311  0.329
05 02 04  18 30 00  0.361  0.329  0.321  0.337
05 02 04  18 45 00  0.368  0.349  0.334  0.350
05 02 04  19 00 00  0.361  0.350  0.354  0.355
05 02 04  19 15 00  0.392  0.342  0.348  0.361
05 02 04  19 30 00  0.363  0.358  0.354  0.358
05 02 04  19 45 00  0.369  0.358  0.359  0.362
05 02 04  20 00 00  0.387  0.355  0.332  0.358
05 02 04  20 15 00  0.399  0.357  0.359  0.372
05 02 04  20 30 00  0.361  0.359  0.363  0.361
05 02 04  20 45 00  0.396  0.355  0.376  0.376
05 02 04  21 00 00  0.393  0.364  0.369  0.375
05 02 04  21 15 00  0.378  0.374  0.395  0.382
05 02 04  21 30 00  0.391  0.378  0.390  0.386
05 02 04  21 45 00  0.396  0.377  0.384  0.386
05 02 04  22 00 00  0.384  0.375  0.393  0.384
05 02 04  22 15 00  0.397  0.386  0.390  0.391
05 02 04  22 30 00  0.413  0.383  0.391  0.396
05 02 04  22 45 00  0.404  0.406  0.393  0.401
05 02 04  23 00 00  0.417  0.376  0.387  0.393
05 02 04  23 15 00  0.406  0.375  0.388  0.390
05 02 04  23 30 00  0.429  0.387  0.393  0.403
05 02 04  23 45 00  0.411  0.398  0.405  0.405
05 03 04  00 00 00  0.446  0.410  0.424  0.427
05 03 04  00 15 00  0.440  0.391  0.403  0.411
05 03 04  00 30 00  0.419  0.398  0.410  0.409
05 03 04  00 45 00  0.415  0.397  0.396  0.403
05 03 04  01 00 00  0.442  0.404  0.389  0.412
05 03 04  01 15 00  0.412  0.416  0.413  0.414
05 03 04  01 30 00  0.436  0.393  0.421  0.417
05 03 04  01 45 00  0.448  0.402  0.427  0.426
05 03 04  02 00 00  0.467  0.411  0.435  0.438
05 03 04  02 15 00  0.460  0.409  0.404  0.424
05 03 04  02 30 00  0.424  0.429  0.413  0.422
05 03 04  02 45 00  0.455  0.420  0.430  0.435
05 03 04  03 00 00  0.452  0.422  0.422  0.432
05 03 04  03 15 00  0.453  0.430  0.450  0.444
05 03 04  03 30 00  0.427  0.435  0.419  0.427
05 03 04  03 45 00  0.461  0.450  0.433  0.448
05 03 04  04 00 00  0.464  0.456  0.452  0.457
05 03 04  04 15 00  0.453  0.431  0.435  0.440
05 03 04  04 30 00  0.451  0.437  0.458  0.449
05 03 04  04 45 00  0.467  0.433  0.419  0.440
05 03 04  05 00 00  0.490  0.446  0.426  0.454
05 03 04  05 15 00  0.456  0.457  0.470  0.461
05 03 04  05 30 00  0.469  0.459  0.446  0.458
05 03 04  05 45 00  0.454  0.450  0.456  0.453
05 03 04  06 00 00  0.456  0.428  0.465  0.450
05 03 04  06 15 00  0.482  0.451  0.444  0.459
05 03 04  06 30 00  0.477  0.461  0.463  0.467
05 03 04  06 45 00  0.471  0.478  0.463  0.471
05 03 04  07 00 00  0.446  0.472  0.470  0.463
05 03 04  07 15 00  0.493  0.473  0.482  0.483
05 03 04  07 30 00  0.475  0.471  0.479  0.475
05 03 04  07 45 00  0.491  0.485  0.490  0.489
05 03 04  08 00 00  0.515  0.468  0.448  0.477
05 03 04  08 15 00  0.487  0.474  0.490  0.484
05 03 04  08 30 00  0.488  0.470  0.488  0.482
05 03 04  08 45 00  0.512  0.484  0.449  0.482
05 03 04  09 00 00  0.502  0.474  0.473  0.483
05 03 04  09 15 00  0.492  0.467  0.468  0.476
05 03 04  09 30 00  0.520  0.482  0.474  0.492
05 03 04  09 45 00  0.523  0.483  0.491  0.499
05 03 04  10 00 00  0.516  0.464  0.474  0.485
05 03 04  10 15 00  0.522  0.470  0.467  0.486
05 03 04  10 30 00  0.539  0.492  0.490  0.507
05 03 04  10 45 00  0.509  0.491  0.502  0.501
05 03 04  11 00 00  0.500  0.489  0.489  0.493
05 03 04  11 15 00  0.521  0.481  0.489  0.497
05 03 04  11 30 00  0.536  0.490  0.474  0.500
05 03 04  11 45 00  0.538  0.473  0.487  0.499
05 03 04  12 00 00  0.522  0.490  0.500  0.504
05 03 04  12 15 00  0.543  0.498  0.497  0.513
05 03 04  12 30 00  0.517  0.491  0.505  0.504
05 03 04  12 45 00  0.530  0.501  0.506  0.512
05 03 04  13 00 00  0.524  0.513  0.492  0.510
05 03 04  13 15 00  0.549  0.499  0.519  0.522
05 03 04  13 30 00  0.514  0.514  0.495  0.508
05 03 04  13 45 00  0.545  0.498  0.497  0.513
05 03 04  14 00 00  0.565  0.515  0.509  0.530
05 03 04  14 15 00  0.531  0.514  0.523  0.523
05 03 04  14 30 00  0.533  0.514  0.517  0.521
05 03 04  14 45 00  0.563  0.508  0.503  0.525
05 03 04  15 00 00  0.562  0.525  0.541  0.543
05 03 04  15 15 00  0.560  0.521  0.526  0.536
05 03 04  15 30 00  0.566  0.532  0.515  0.538
05 03 04  15 45 00  0.544  0.516  0.509  0.523
05 03 04  16 00 00  0.591  0.543  0.522  0.552
05 03 04  16 15 00  0.582  0.513  0.511  0.535
05 03 04  16 30 00  0.571  0.526  0.531  0.543
05 03 04  16 45 00  0.580  0.510  0.536  0.542
05 03 04  17 00 00  0.562  0.533  0.524  0.540
05 03 04  17 15 00  0.585  0.541  0.532  0.553
05 03 04  17 30 00  0.569  0.511  0.540  0.540
05 03 04  17 45 00  0.602  0.542  0.514  0.553
05 03 04  18 00 00  0.584  0.531  0.531  0.549
05 03 04  18 15 00  0.567  0.551  0.522  0.547
05 03 04  18 30 00  0.560  0.547  0.544  0.550
05 03 04  18 45 00  0.591  0.514  0.537  0.547
05 03 04  19 00 00  0.596  0.539  0.550  0.562
05 03 04  19 15 00  0.575  0.546  0.534  0.552
05 03 04  19 30 00  0.613  0.552  0.545  0.570
05 03 04  19 45 00  0.581  0.548  0.543  0.557
05 03 04  20 00 00  0.595  0.573  0.542  0.570
05 03 04  20 15 00  0.587  0.551  0.554  0.564
05 03 04  20 30 00  0.566  0.563  0.555  0.561
05 03 04  20 45 00  0.586  0.558  0.543  0.562
05 03 04  21 00 00  0.589  0.546  0.536  0.557
05 03 04  21 15 00  0.615  0.567  0.563  0.582
05 03 04  21 30 00  0.605  0.553  0.560  0.573
05 03 04  21 45 00  0.611  0.561  0.538  0.570
05 03 04  22 00 00  0.616  0.557  0.549  0.574
05 03 04  22 15 00  0.613  0.551  0.543  0.569
05 03 04  22 30 00  0.625  0.573  0.532  0.577
05 03 04  22 45 00  0.613  0.546  0.539  0.566
05 03 04  23 00 00  0.593  0.563  0.556  0.571
05 03 04  23 15 00  0.619  0.561  0.563  0.581
05 03 04  23 30 00  0.622  0.558  0.564  0.581
05 03 04  23 45 00  0.647  0.556  0.560  0.588
05 04 04  00 00 00  0.617  0.574  0.555  0.582
05 04 04  00 15 00  0.620  0.572  0.560  0.584
05 04 04  00 30 00  0.611  0.562  0.549  0.574
05 04 04  00 45 00  0.616  0.549  0.561  0.575
05 04 04  01 00 00  0.632  0.564  0.545  0.580
05 04 04  01 15 00  0.626  0.564  0.525  0.572
05 04 04  01 30 00  0.626  0.579  0.552  0.586
05 04 04  01 45 00  0.633  0.562  0.559  0.585
05 04 04  02 00 00  0.619  0.575  0.577  0.590
05 04 04  02 15 00  0.639  0.593  0.561  0.598
05 04 04  02 30 00  0.651  0.586  0.550  0.596
05 04 04  02 45 00  0.637  0.598  0.541  0.592
05 04 04  03 00 00  0.625  0.585  0.589  0.600
05 04 04  03 15 00  0.630  0.590  0.576  0.599
05 04 04  03 30 00  0.639  0.578  0.585  0.601
05 04 04  03 45 00  0.643  0.604  0.557  0.601
05 04 04  04 00 00  0.644  0.593  0.586  0.608
05 04 04  04 15 00  0.657  0.596  0.562  0.605
05 04 04  04 30 00  0.641  0.600  0.600  0.614
05 04 04  04 45 00  0.667  0.582  0.609  0.619
05 04 04  05 00 00  0.650  0.598  0.571  0.606
05 04 04  05 15 00  0.641  0.620  0.567  0.609
05 04 04  05 30 00  0.667  0.587  0.573  0.609
05 04 04  05 45 00  0.647  0.602  0.594  0.614
05 04 04  06 00 00  0.676  0.605  0.572  0.618
05 04 04  06 15 00  0.666  0.612  0.571  0.616
05 04 04  06 30 00  0.679  0.614  0.584  0.626
05 04 04  06 45 00  0.670  0.591  0.586  0.616
05 04 04  07 00 00  0.649  0.603  0.596  0.616
05 04 04  07 15 00  0.683  0.612  0.612  0.636
05 04 04  07 30 00  0.648  0.614  0.584  0.615
05 04 04  07 45 00  0.654  0.632  0.570  0.619
05 04 04  08 00 00  0.670  0.621  0.578  0.623
05 04 04  08 15 00  0.675  0.618  0.577  0.623
05 04 04  08 30 00  0.692  0.618  0.589  0.633
05 04 04  08 45 00  0.651  0.602  0.596  0.616
05 04 04  09 00 00  0.652  0.620  0.608  0.627
05 04 04  09 15 00  0.682  0.619  0.592  0.631
05 04 04  09 30 00  0.673  0.629  0.591  0.631
05 04 04  09 45 00  0.668  0.646  0.601  0.638
05 04 04  10 00 00  0.674  0.630  0.588  0.631
05 04 04  10 15 00  0.673  0.624  0.598  0.632
05 04 04  10 30 00  0.665  0.650  0.578  0.631
05 04 04  10 45 00  0.691  0.652  0.583  0.642
